.Random.seed <-
c(403L, 10L, -1482309402L, 1596162928L, 24634515L, -157925071L, 
-535492640L, -128586626L, -1295999223L, 1816871227L, -1259707126L, 
-146211604L, 378866031L, -1409937755L, -1125629860L, 1127684146L, 
-110727379L, -1290412569L, -837426930L, 834750184L, 236079339L, 
265062793L, -1986643688L, -242668474L, -894077791L, 1616599859L, 
-2057805150L, 1828886932L, 233211927L, 501362701L, 1029272868L, 
-2138664694L, 1268353141L, -924449841L, 1254356182L, 1474684032L, 
-580691261L, 414721121L, 790086864L, -1856178642L, 1993811929L, 
399411179L, 44400218L, 173922332L, -621787873L, -456972939L, 
1507439628L, -1501096478L, -1039718723L, 984211767L, -2054969890L, 
111115032L, -1155894661L, 1244807193L, -870188888L, 866564694L, 
-1978915119L, -1788041597L, 41942290L, -2085263196L, 1978812519L, 
1101064637L, 1999545140L, -474355558L, 376418021L, 1678248063L, 
811909638L, -257135216L, 284979251L, 1809178577L, -2124941952L, 
1040685150L, -736069719L, -1154617765L, -946113942L, -9027828L, 
2140633423L, -341016059L, -517746500L, 169580946L, 320377485L, 
1195499719L, -1019038290L, -1598767096L, -632228853L, 71405801L, 
-776663112L, -1024858010L, -631596799L, -175804525L, 2100781122L, 
-312498188L, 1029861879L, 1795339757L, 627799684L, -2008479574L, 
1597724181L, 117303983L, -126959434L, 1824906976L, -639876573L, 
-948916927L, -591040464L, -341882290L, -1614057799L, -1949820213L, 
-159614086L, 2124139132L, -2021908801L, -1469888619L, -1133568084L, 
-767730302L, -112139427L, -1423135145L, -1819448002L, 782228856L, 
904449627L, 977349049L, -950150136L, -728078666L, 753186289L, 
-2010362845L, 1831781490L, -1622501692L, -496897913L, 1164727389L, 
-1742136748L, -491106182L, -308366395L, -1047878369L, -1878563674L, 
1744516656L, -1353192237L, 1649722097L, -562097632L, 1429836990L, 
1692934345L, 1668637307L, 388065354L, 1519900844L, 1655930799L, 
614050661L, -419266276L, -61150862L, 138344941L, -1983427033L, 
1333698126L, -1232207192L, -1000701781L, 199477705L, -1093106216L, 
1300149382L, 1874499937L, -1862222605L, -1119075486L, 90787284L, 
1143130327L, -794748211L, -1483036060L, 344580170L, -977582667L, 
581396751L, -1112123882L, 1540305088L, 1392322179L, 382485153L, 
-489126768L, -156758162L, 842402073L, 88639915L, -338344038L, 
-1611245732L, -1536407969L, 1018091061L, 1889342924L, 901723426L, 
-1111040131L, 1715025015L, -814560866L, 1145118808L, -593674821L, 
2064102233L, -1303412504L, 628637974L, -1704713583L, 1415515971L, 
139274834L, 2128911588L, -1813379289L, 1478206333L, -1299769740L, 
-1743730598L, 153743525L, -37555521L, 1238182214L, -483934256L, 
-1572521485L, 138253585L, 343675200L, 2066743582L, 1149957609L, 
1004369691L, 1784594730L, -926590388L, -303233521L, 123578693L, 
-1105120516L, 80275794L, -795115827L, 1347458695L, -2121301650L, 
1235409736L, -2025595061L, 964470441L, -1105806344L, 624313126L, 
1932584001L, 1365304787L, 377145218L, -1671197772L, 21873463L, 
1047527981L, -332668092L, -1632843670L, 722793173L, -315306897L, 
2017052022L, 1678028448L, 1377037155L, 611492800L, 1775921468L, 
-1188221296L, -323988446L, 230580232L, -401783668L, 1800256540L, 
1795711122L, 1992449152L, -569103340L, -377858264L, -158973894L, 
812447952L, 1725263980L, 496404148L, -423932910L, 456393696L, 
431330252L, -1096844832L, 110741538L, 534301992L, -532811508L, 
1776693820L, 2100513010L, 1967738096L, 2015117124L, -902161320L, 
1202662970L, -53397264L, -374790468L, -1915657708L, -1392192318L, 
-1588225440L, 789123452L, 1347497168L, 760098850L, -12069720L, 
-1919659636L, -888348228L, 1725336626L, -820424896L, 1253419700L, 
2036772168L, -1223199046L, -37315824L, -666089236L, 581872724L, 
720306962L, 417918368L, 382777292L, 137562976L, 874532034L, 1054810664L, 
1371487660L, 1901527868L, -975687822L, -1896612048L, -1461527516L, 
-249761224L, 731875034L, -1828887664L, -212651780L, -569022060L, 
1684290370L, -519024128L, -1991855044L, -297874864L, 29848738L, 
1464100680L, 629892620L, 2047547100L, -1311580078L, 292450432L, 
-585116844L, -1162513432L, -544509190L, 68980560L, 1966616620L, 
-2097434252L, 1761979026L, 1417728608L, -589341556L, 1996180832L, 
1082188002L, 1495267496L, -427728180L, 1111066108L, -224626766L, 
-1454559248L, -1239204412L, -727635624L, 2105929082L, -31760976L, 
-1105045060L, -568858028L, 1893551554L, 158722848L, 488262588L, 
522761296L, -197691422L, 1418369896L, -87103668L, 2012314364L, 
-682872078L, 460116224L, 903279732L, 1769847304L, -187407942L, 
1420777936L, -617999380L, 1699428244L, -610376494L, 394014816L, 
1898682700L, -471515360L, 929972866L, 2096148968L, -1663597588L, 
-175358404L, -485625230L, -886638736L, -491536092L, 1500053048L, 
1427934618L, 1041618384L, -462982724L, 788994708L, -897149310L, 
571382208L, 1766596412L, 1217537680L, 372597538L, 240053768L, 
234563340L, -1755611236L, 1346779154L, -1204395136L, 879345428L, 
-1894864600L, 894720058L, 346851280L, -1467440532L, -1268587468L, 
-1755763566L, -1527048864L, -1784954548L, 706101728L, 650393506L, 
143466408L, 1577790604L, -1822463044L, -61161358L, 1108194288L, 
609263684L, -416680872L, -1075386310L, 1215889520L, 300263996L, 
2101766932L, 731758274L, 1549786848L, 798139516L, -1882443568L, 
551568290L, 631030312L, -1809572596L, -230356036L, 667954482L, 
736978112L, -383828428L, 1104103112L, 1091997370L, -935819120L, 
88058604L, 1512374868L, 1663706770L, 224049952L, 557661132L, 
684266720L, 1534106306L, 493027368L, 83092396L, 1436701372L, 
269508082L, -601051600L, 2001651620L, 1974461880L, 675481434L, 
821545104L, -749468804L, -542319852L, -42311358L, -1752513792L, 
-1617336388L, 1433486160L, 1867476258L, -1465190840L, 241813516L, 
-860903332L, 1067282898L, -584003072L, -893445804L, 1082279144L, 
2006973690L, 1485954768L, 1149674796L, 1283483892L, 1733053842L, 
752333152L, 846303244L, 805492448L, 1905543778L, 1145628328L, 
17450572L, -466052L, 2112660786L, -1022486928L, -304796860L, 
-299998248L, 1218375546L, 966470192L, -650220612L, -729197996L, 
-1431985086L, -1193885536L, 1405246140L, -204882480L, 963650723L, 
-744773468L, -721749678L, 1983268007L, 973857009L, 1708660790L, 
206653652L, -848888731L, 1475720815L, 1555617960L, -1759705594L, 
646424371L, 2108375957L, -1754941454L, 747754560L, 179580329L, 
897401883L, -1846787604L, -1649559046L, -588358097L, 2001046073L, 
1890288718L, 539790492L, -2053947891L, 2032108151L, -1181502848L, 
-1245984546L, -1713347669L, -989827923L, 854053146L, -1498380840L, 
704355905L, -1326238477L, -1309940972L, 786633378L, -1273017417L, 
-574437503L, 758025606L, -1154375740L, -2130943243L, -1535355041L, 
-1443759688L, 1133576342L, 1410811555L, -707188635L, 833641858L, 
615161584L, -915058023L, 1720505995L, -944269444L, 875092394L, 
-202444321L, 1070679913L, -1336152194L, 1225111404L, 493022141L, 
-785401721L, 187356272L, -1088246002L, -579513285L, -1418118371L, 
1247580618L, -848373016L, -389771823L, -952418365L, 1666369732L, 
-1633011854L, -310072761L, 1736366609L, -461114474L, 1699542772L, 
2076366981L, 1090235855L, 177821896L, -425848474L, 600761235L, 
1865174261L, -7238446L, -212968672L, -974392567L, 428151867L, 
2061146508L, 341340186L, -1646707569L, 1567908825L, 1661527150L, 
1535313916L, 2137054573L, -1350142185L, 1919641312L, -1336601410L, 
-1741856117L, -1867699955L, 132971834L, -65553032L, -1140132063L, 
1747529683L, -1238370572L, 1023715202L, 52448791L, 115926241L, 
455426598L, 475620132L, 377498581L, 1736108927L, -1785065960L, 
928240950L, 466611139L, 1453961733L, 1736116642L, 71519632L, 
426327353L, 75880939L, -1314637092L, -2087698678L, -2135182849L, 
1001412681L, 1101427166L, -1243473524L, 770504029L, -1219037849L, 
744007312L, 329746606L, -1414944421L, 2036759869L, 1030786986L, 
1373423688L, 1092034673L, 1376267747L, -1327257372L, 11641874L, 
-609234969L, 247904177L, -1484477962L, -1785637868L, -487830747L, 
-2130424785L, -467001880L, -601720122L, -1714805901L, 1224911829L, 
960140210L, -1031469696L, 294157673L, -1745374757L, 1722489132L, 
2133547834L, -924248593L, 1821855865L, -1980556530L, -410595620L, 
